90 0 0 0 476
90 1 90 90 527
90 2 179 136 532
90 3 267 182 568
90 4 354 226 558
90 5 440 228 573
90 6 525 264 588
90 7 609 279 582
90 8 692 305 568
90 9 774 313 584
90 10 855 309 587
90 11 935 342 585
90 12 1014 354 614
90 13 1092 377 606
90 14 1169 385 601
90 15 1245 390 624
90 16 1320 396 620
90 17 1394 433 630
90 18 1467 441 638
90 19 1539 447 640
90 20 1610 455 640
90 21 1680 464 652
90 22 1749 473 665
90 23 1817 470 653
90 24 1884 484 674
90 25 1950 506 686
90 26 2015 493 664
90 27 2079 509 692
90 28 2142 517 690
90 29 2204 526 681
90 30 2265 538 706
90 31 2325 542 706
90 32 2384 553 722
90 33 2442 557 719
90 34 2499 584 721
90 35 2555 587 738
90 36 2610 585 741
90 37 2664 577 742
90 38 2717 596 758
90 39 2769 608 746
90 40 2820 619 758
90 41 2870 624 780
90 42 2919 650 786
90 43 2967 639 778
90 44 3014 658 799
90 45 3060 649 799
90 46 3105 670 814
90 47 3149 674 814
90 48 3192 673 827
90 49 3234 694 834
90 50 3275 701 828
90 51 3315 702 845
90 52 3354 709 841
90 53 3392 710 846
90 54 3429 726 864
90 55 3465 729 885
90 56 3500 740 870
90 57 3534 740 870
90 58 3567 752 895
90 59 3599 754 884
90 60 3630 761 900
90 61 3660 773 917
90 62 3689 772 919
90 63 3717 775 917
90 64 3744 792 937
90 65 3770 802 934
90 66 3795 809 955
90 67 3819 815 959
90 68 3842 820 963
90 69 3864 828 966
90 70 3885 835 984
90 71 3905 842 985
90 72 3924 858 998
90 73 3942 861 1007
90 74 3959 857 1000
90 75 3975 866 997
90 76 3990 877 1009
90 77 4004 897 1044
90 78 4017 902 1047
90 79 4029 906 1049
90 80 4040 916 1056
90 81 4050 927 1067
90 82 4059 915 1048
90 83 4067 944 1084
90 84 4074 949 1080
90 85 4080 947 1080
90 86 4085 962 1086
90 87 4089 957 1095
90 88 4092 966 1114
90 89 4094 974 1112
