40 0 0 0 160
40 1 40 40 179
40 2 79 59 188
40 3 117 82 207
40 4 154 91 214
40 5 190 105 209
40 6 225 108 223
40 7 259 129 221
40 8 292 141 225
40 9 324 141 232
40 10 355 147 233
40 11 385 168 247
40 12 414 176 248
40 13 442 179 250
40 14 469 186 257
40 15 495 192 266
40 16 520 200 265
40 17 544 211 274
40 18 567 206 272
40 19 589 222 285
40 20 610 224 285
40 21 630 238 297
40 22 649 239 300
40 23 667 249 309
40 24 684 254 314
40 25 700 258 319
40 26 715 262 325
40 27 729 264 318
40 28 742 277 337
40 29 754 282 342
40 30 765 287 348
40 31 775 290 351
40 32 784 293 356
40 33 792 297 355
40 34 799 309 375
40 35 805 316 376
40 36 810 320 378
40 37 814 329 391
40 38 817 336 398
40 39 819 339 399
