50 0 0 0 216
50 1 50 50 236
50 2 99 87 266
50 3 147 101 267
50 4 194 127 275
50 5 240 133 281
50 6 285 138 278
50 7 329 160 288
50 8 372 167 288
50 9 414 183 300
50 10 455 195 301
50 11 495 206 309
50 12 534 222 312
50 13 572 212 321
50 14 609 225 318
50 15 645 233 327
50 16 680 243 335
50 17 714 242 330
50 18 747 255 345
50 19 779 267 352
50 20 810 272 363
50 21 840 280 358
50 22 869 289 369
50 23 897 288 364
50 24 924 304 381
50 25 950 309 388
50 26 975 308 385
50 27 999 317 384
50 28 1022 320 401
50 29 1044 331 416
50 30 1065 336 413
50 31 1085 341 420
50 32 1104 346 417
50 33 1122 356 434
50 34 1139 364 442
50 35 1155 372 453
50 36 1170 372 450
50 37 1184 378 449
50 38 1197 391 461
50 39 1209 399 462
50 40 1220 400 468
50 41 1230 411 488
50 42 1239 413 490
50 43 1247 423 503
50 44 1254 425 497
50 45 1260 443 511
50 46 1265 442 515
50 47 1269 446 520
50 48 1272 459 539
50 49 1274 462 543
