60 0 0 0 282
60 1 60 60 316
60 2 119 95 343
60 3 177 122 345
60 4 234 146 337
60 5 290 176 352
60 6 345 182 327
60 7 399 189 348
60 8 452 202 357
60 9 504 211 373
60 10 555 228 362
60 11 605 235 371
60 12 654 248 389
60 13 702 258 385
60 14 749 268 386
60 15 795 273 396
60 16 840 278 408
60 17 884 289 402
60 18 927 303 408
60 19 969 315 417
60 20 1010 314 420
60 21 1050 318 428
60 22 1089 331 437
60 23 1127 339 432
60 24 1164 335 444
60 25 1200 352 448
60 26 1235 361 459
60 27 1269 364 465
60 28 1302 375 474
60 29 1334 380 485
60 30 1365 387 482
60 31 1395 391 490
60 32 1424 398 495
60 33 1452 411 511
60 34 1479 418 510
60 35 1505 417 510
60 36 1530 434 521
60 37 1554 438 522
60 38 1577 446 527
60 39 1599 456 548
60 40 1620 454 539
60 41 1640 467 552
60 42 1659 469 559
60 43 1677 479 573
60 44 1694 481 571
60 45 1710 495 575
60 46 1725 490 576
60 47 1739 505 590
60 48 1752 504 590
60 49 1764 517 604
60 50 1775 523 609
60 51 1785 534 622
60 52 1794 526 613
60 53 1802 545 643
60 54 1809 552 636
60 55 1815 551 646
60 56 1820 555 644
60 57 1824 566 661
60 58 1827 574 664
60 59 1829 568 664
