70 0 0 0 342
70 1 70 70 353
70 2 139 135 358
70 3 207 142 401
70 4 274 160 421
70 5 340 208 421
70 6 405 216 427
70 7 469 220 422
70 8 532 242 431
70 9 594 249 433
70 10 655 256 441
70 11 715 280 446
70 12 774 291 452
70 13 832 278 457
70 14 889 306 466
70 15 945 310 474
70 16 1000 318 481
70 17 1054 323 471
70 18 1107 352 483
70 19 1159 338 490
70 20 1210 360 484
70 21 1260 364 502
70 22 1309 388 515
70 23 1357 384 514
70 24 1404 400 515
70 25 1450 404 531
70 26 1495 409 528
70 27 1539 408 533
70 28 1582 412 538
70 29 1624 427 548
70 30 1665 433 553
70 31 1705 438 548
70 32 1744 448 564
70 33 1782 456 559
70 34 1819 467 589
70 35 1855 481 587
70 36 1890 486 591
70 37 1924 487 607
70 38 1957 502 611
70 39 1989 502 613
70 40 2020 503 625
70 41 2050 518 624
70 42 2079 527 628
70 43 2107 541 643
70 44 2134 544 652
70 45 2160 551 648
70 46 2185 545 651
70 47 2209 557 650
70 48 2232 560 661
70 49 2254 576 684
70 50 2275 584 685
70 51 2295 588 695
70 52 2314 586 702
70 53 2332 601 707
70 54 2349 600 706
70 55 2365 610 719
70 56 2380 617 728
70 57 2394 624 722
70 58 2407 631 739
70 59 2419 634 747
70 60 2430 643 745
70 61 2440 648 754
70 62 2449 658 774
70 63 2457 662 775
70 64 2464 672 788
70 65 2470 673 788
70 66 2475 690 797
70 67 2479 690 797
70 68 2482 703 815
70 69 2484 711 821
