30 0 0 0 109
30 1 30 30 122
30 2 59 51 122
30 3 87 62 140
30 4 114 72 144
30 5 140 81 152
30 6 165 95 152
30 7 189 99 159
30 8 212 107 157
30 9 234 117 159
30 10 255 119 172
30 11 275 126 173
30 12 294 137 184
30 13 312 139 184
30 14 329 146 192
30 15 345 151 194
30 16 360 159 206
30 17 374 164 209
30 18 387 173 217
30 19 399 175 217
30 20 410 182 224
30 21 420 191 229
30 22 429 188 227
30 23 437 197 236
30 24 444 206 249
30 25 450 207 247
30 26 455 219 263
30 27 459 218 261
30 28 462 222 262
30 29 464 229 268
