80 0 0 0 399
80 1 80 80 414
80 2 159 144 450
80 3 237 162 491
80 4 314 191 468
80 5 390 224 500
80 6 465 241 487
80 7 539 249 496
80 8 612 262 504
80 9 684 275 513
80 10 755 312 518
80 11 825 324 515
80 12 894 326 531
80 13 962 341 525
80 14 1029 343 535
80 15 1095 349 529
80 16 1160 361 558
80 17 1224 377 546
80 18 1287 379 561
80 19 1349 405 554
80 20 1410 407 570
80 21 1470 423 586
80 22 1529 432 576
80 23 1587 440 596
80 24 1644 449 594
80 25 1700 452 612
80 26 1755 464 611
80 27 1809 459 609
80 28 1862 472 614
80 29 1914 479 621
80 30 1965 487 633
80 31 2015 497 636
80 32 2064 494 641
80 33 2112 503 650
80 34 2159 516 651
80 35 2205 525 656
80 36 2250 530 666
80 37 2294 538 676
80 38 2337 548 674
80 39 2379 550 687
80 40 2420 571 698
80 41 2460 573 694
80 42 2499 581 711
80 43 2537 584 705
80 44 2574 591 716
80 45 2610 604 722
80 46 2645 602 731
80 47 2679 613 736
80 48 2712 636 754
80 49 2744 622 750
80 50 2775 646 763
80 51 2805 649 771
80 52 2834 644 770
80 53 2862 655 778
80 54 2889 664 791
80 55 2915 667 791
80 56 2940 678 804
80 57 2964 687 817
80 58 2987 688 804
80 59 3009 695 831
80 60 3030 702 830
80 61 3050 717 834
80 62 3069 711 842
80 63 3087 713 838
80 64 3104 728 859
80 65 3120 736 864
80 66 3135 751 876
80 67 3149 754 874
80 68 3162 756 881
80 69 3174 770 883
80 70 3185 771 888
80 71 3195 778 905
80 72 3204 789 911
80 73 3212 798 922
80 74 3219 807 933
80 75 3225 812 939
80 76 3230 825 951
80 77 3234 828 951
80 78 3237 828 951
80 79 3239 843 971
