100 0 0 0 538
100 1 100 100 589
100 2 199 128 626
100 3 297 201 614
100 4 394 241 620
100 5 490 285 622
100 6 585 286 643
100 7 679 310 661
100 8 772 335 663
100 9 864 353 673
100 10 955 389 655
100 11 1045 392 659
100 12 1134 400 672
100 13 1222 405 679
100 14 1309 426 674
100 15 1395 430 689
100 16 1480 440 695
100 17 1564 458 701
100 18 1647 470 695
100 19 1729 484 707
100 20 1810 508 723
100 21 1890 500 722
100 22 1969 521 719
100 23 2047 534 739
100 24 2124 529 753
100 25 2200 545 739
100 26 2275 553 764
100 27 2349 565 761
100 28 2422 576 773
100 29 2494 575 781
100 30 2565 582 788
100 31 2635 585 790
100 32 2704 601 805
100 33 2772 609 793
100 34 2839 626 811
100 35 2905 628 812
100 36 2970 649 814
100 37 3034 648 818
100 38 3097 658 835
100 39 3159 683 838
100 40 3220 667 843
100 41 3280 672 849
100 42 3339 684 862
100 43 3397 707 859
100 44 3454 715 857
100 45 3510 699 872
100 46 3565 717 905
100 47 3619 728 892
100 48 3672 735 889
100 49 3724 743 910
100 50 3775 760 916
100 51 3825 757 925
100 52 3874 766 924
100 53 3922 778 942
100 54 3969 776 933
100 55 4015 794 952
100 56 4060 795 954
100 57 4104 802 970
100 58 4147 805 959
100 59 4189 816 984
100 60 4230 821 974
100 61 4270 822 979
100 62 4309 834 1001
100 63 4347 844 1008
100 64 4384 837 994
100 65 4420 855 1017
100 66 4455 867 1031
100 67 4489 884 1028
100 68 4522 890 1047
100 69 4554 889 1043
100 70 4585 899 1058
100 71 4615 913 1067
100 72 4644 907 1067
100 73 4672 921 1075
100 74 4699 941 1090
100 75 4725 940 1094
100 76 4750 944 1102
100 77 4774 960 1113
100 78 4797 966 1120
100 79 4819 966 1116
100 80 4840 971 1120
100 81 4860 980 1135
100 82 4879 996 1148
100 83 4897 999 1158
100 84 4914 1018 1177
100 85 4930 1012 1161
100 86 4945 1023 1179
100 87 4959 1036 1193
100 88 4972 1037 1190
100 89 4984 1045 1197
100 90 4995 1054 1217
100 91 5005 1072 1213
100 92 5014 1069 1222
100 93 5022 1074 1231
100 94 5029 1077 1235
100 95 5035 1084 1231
100 96 5040 1090 1250
100 97 5044 1095 1244
100 98 5047 1105 1271
100 99 5049 1122 1280
